o: 0.038471204014192725
p: 0.03846107895525601
l: 0.03846046723496014
m: 0.038460867633699256
w: 0.038463374477978936
j: 0.03845499366813883
q: 0.038460633100621394
e: 0.03845871621583655
z: 0.03846363947617825
h: 0.03845848506777218
y: 0.03846777402837564
v: 0.03845919543703276
a: 0.038471641648080285
b: 0.03845681383825239
c: 0.03845816059005002
t: 0.038462240014884776
x: 0.03846703174327354
k: 0.03845694585377869
i: 0.03846499928445651
d: 0.038460847807191646
n: 0.038458099659807114
u: 0.03845765283802578
r: 0.03846438659701392
s: 0.0384646598159603
g: 0.0384581175520213
f: 0.038457973447161085
